   10.0000   10.8333   11.6667   12.5000   13.3333   14.1667   15.0000   15.8333   16.6667   17.5000   18.3333   19.1667   20.0000
   10.8333   11.6667   12.5000   13.3333   14.1667   15.0000   15.8333   16.6667   17.5000   18.3333   19.1667   20.0000   20.8333
   11.6667   12.5000   13.3333   14.1667   15.0000   15.8333   16.6667   17.5000   18.3333   19.1667   20.0000   20.8333   21.6667
   12.5000   13.3333   14.1667   15.0000   15.8333   16.6667   17.5000   18.3333   19.1667   20.0000   20.8333   21.6667   22.5000
   13.3333   14.1667   15.0000   15.8333   16.6667   17.5000   18.3333   19.1667   20.0000   20.8333   21.6667   22.5000   23.3333
   14.1667   15.0000   15.8333   16.6667   17.5000   18.3333   19.1667   20.0000   20.8333   21.6667   22.5000   23.3333   24.1667
   15.0000   15.8333   16.6667   17.5000   18.3333   19.1667   20.0000   20.8333   21.6667   22.5000   23.3333   24.1667   25.0000
   15.8333   16.6667   17.5000   18.3333   19.1667   20.0000   20.8333   21.6667   22.5000   23.3333   24.1667   25.0000   25.8333
   16.6667   17.5000   18.3333   19.1667   20.0000   20.8333   21.6667   22.5000   23.3333   24.1667   25.0000   25.8333   26.6667
   17.5000   18.3333   19.1667   20.0000   20.8333   21.6667   22.5000   23.3333   24.1667   25.0000   25.8333   26.6667   27.5000
   18.3333   19.1667   20.0000   20.8333   21.6667   22.5000   23.3333   24.1667   25.0000   25.8333   26.6667   27.5000   28.3333
   19.1667   20.0000   20.8333   21.6667   22.5000   23.3333   24.1667   25.0000   25.8333   26.6667   27.5000   28.3333   29.1667
   20.0000   20.8333   21.6667   22.5000   23.3333   24.1667   25.0000   25.8333   26.6667   27.5000   28.3333   29.1667   30.0000
